quadrotor_propulsion:
        Psi:  0.007242179827506
        J_M: 5.0e-5
        R_A: 0.201084219222241
        k_t: 0.025
        k_m: -7.011631909766668e-5
        alpha_m: 0.104863758313889
        beta_m: 0.549262344777900

        #CT2s: -1.3077e-2
        CT2s:  0.0
        CT1s: -4.531245193522030e-04
        CT0s:  2.744543453e-05

        l_m: 0.35
